104509841|	17.691
104515269|	17.811
105381930|	17.791
104781542|	17.691
104830578|	17.811
104866057|	17.811
104895997|	17.811
104990692|	17.811
105002026|	17.811
105014768|	17.691
105286496|	17.691
105342823|	17.691
105479722|	17.811
105559557|	17.700
105647086|	17.811
105714555|	17.691
105723251|	17.691
105740600|	17.811
105736892|	17.811
105765030|	17.811
105771630|	17.811
105801434|	17.811
105827464|	17.811
105832371|	17.811
105926749|	17.811
105960507|	17.811
105967757|	17.811
105998918|	17.691
106005220|	17.811
106034045|	17.811
106053590|	17.811
106058911|	17.811
106060542|	17.691
106062228|	17.691
106063478|	17.811
106063621|	17.811
106116382|	17.691
106141821|	17.811
106143808|	17.811
106165663|	17.811
106178669|	17.811
106196146|	17.811
